NAME,Population
0,27492
1,25164
2,103881
3,112386
4,26012
5,145006
6,32365
7,28934
8,197520
9,192003
10,34134
11,94622
12,363223
13,363484
14,32148
15,70082
16,23997
17,19444
18,985962
19,1094644
20,3221218
21,2992696
22,742170
23,208433
24,179878
25,740662
26,744072
27,154619
28,140574
29,2906347
30,1140782
31,23071
32,998280
33,369252
34,71727
35,259938
36,102630
37,34300
38,70049
39,135017
40,930234
41,397973
42,28069
43,461982
44,9972
45,18789
46,8035
47,20520
48,12829
49,711090
50,54015
51,13705
52,34238
53,8220
54,6243
55,36304
56,20167
57,43278
58,203887
59,247420
60,18586
61,12128
62,19665
63,115723
64,334598
65,223473
66,47431
67,685894
68,69296
69,11627
70,12154
71,1023317
72,821122
73,18265
74,150330
75,619248
76,439857
77,69090
78,1052271
79,337118
80,65949
81,1086121
82,46391
83,46876
84,133075
85,154205
86,123669
87,352000
88,341943
89,98296
90,81332
91,79707
92,152326
93,362034
94,118227
95,42588
96,1084459
97,595557
98,356547
99,305110
100,88487
101,2305975
102,1035770
103,530684
104,812653
105,2988477
106,72296
107,568497
108,815196
109,3457881
110,3734596
111,230954
112,75423
113,70518
114,2013083
115,20934
116,130544
117,332908
118,1732741
119,61119
120,30974
121,16688
122,86737
123,38887
124,7023
125,28127
126,9713
127,9067
128,91281
129,175054
130,23541
131,1146902
132,10435
133,117358
134,21465
135,2217889
136,1688645
137,69820
138,55165
139,30897
140,1704533
141,1897803
142,82088
143,13384
144,22047
145,7564
146,1726061
147,22486
148,1681230
149,18320
150,26592
151,1771137
152,76196
153,321940
154,905053
155,19519
156,276146
157,322785
158,19094
